4320
2890
30076
3206
24759
2474
2540
5317
6792
31429
6193
3448
27951
22233
26909
18293
9265
16674
16786
10347
12695
14937
23281
4480
2557
23675
16341
6456
1766
971
24834
7321
17234
2330
30360
27533
9875
28998
397
5255
4444
13825
345
4969
24859
3027
12787
26534
15752
18786
26109
21923
25726
21490
20795
22372
26635
13608
22346
100
4803
15891
12943
22724
26201
23405
1901
29608
26736
32541
14267
17631
12718
17153
2677
31170
29458
10475
31665
22878
25992
7145
18645
28629
22459
5834
3336
2305
20011
5085
486
15963
27007
10748
14456
7195
1820
31433
24163
8609
20470
22072
25439
8468
10662
14158
4843
16969
15806
32296
30272
11494
2905
2878
4739
7623
14070
8169
22334
27552
3206
10275
20753
16100
26563
20878
29861
230
30404
5049
5602
17983
2766
3486
24418
14447
27502
23663
24101
17095
24516
20370
30086
1670
25122
7658
20333
23106
12758
88
7367
22665
14147
21889
14899
16841
28215
13010
3326
13677
19064
1730
11346
1609
19104
12375
10922
11832
11563
12268
5001
9475
31695
21809
29036
7813
24844
3699
28669
29709
31747
15646
28297
15620
9867
13184
5812
23248
24962
16335
19308
31735
23393
26734
1051
23176
17683
15724
26657
14775
26888
25422
16001
26311
14469
15118
1498
16685
17214
19299
18586
3570
19750
20291
366
6745
30342
3494
9213
29122
10828
24206
7637
10958
18086
324
25509
4036
13264
10212
24238
9779
23851
23579
20084
23001
16526
8496
29369
20164
2016
30529
4523
7863
24807
9168
11869
1487
1883
25470
884
16998
13631
26901
5667
11320
28017
19916
30041
18116
21631
22215
31032
21238
3004
13278
5834
9218
17043
7071
7151
15251
29212
26774
26522
28965
30445
7116
29245
10415
32051
26765
14978
23686
29441
11630
27196
32382
29927
32399
18333
29778
26823
9502
18089
13126
15076
14364
20202
16138
28988
12900
2406
4066
2328
10729
19150
9220
21217
3135
28152
16449
16437
1117
12943
9192
22586
28065
29706
13288
17970
30740
19674
24884
13904
25072
31208
20076
29898
27231
4670
30905
816
24966
26372
26617
6140
31170
8111
10780
15466
15921
26229
7629
31882
21109
14596
20565
23955
24500
12659
29373
3706
21219
23417
10803
1731
20549
27101
16304
1944
46
24621
29399
13080
6413
1203
29727
11761
19113
11941
18996
32561
28331
17564
9883
8793
8797
32583
28053
32691
11697
17505
30023
16102
23429
11744
16407
10184
10021
4464
13913
1395
25362
7199
9003
16283
15618
22106
30877
7711
17191
9240
7958
27357
20148
5461
21491
26059
30622
6850
23408
16196
30111
29371
2508
3231
4737
25209
26536
27398
4505
3977
30129
17541
12434
3452
21374
27490
9580
29665
19899
32685
15811
4208
6024
21271
853
2440
13084
16136
2495
1244
19886
8427
18823
9833
4757
28877
11359
31659
14766
9766
11944
10000
21758
24310
14902
24493
8600
32020
7763
6447
24513
11715
18694
26645
30291
3975
9621
30237
25951
27191
17480
6908
19478
11602
12144
27986
1514
10390
4520
24541
8944
13007
4443
16109
16265
13038
1414
8728
32577
16218
26559
9774
12023
18315
10103
880
21055
31700
17020
21500
8196
26496
18113
7820
12914
28961
8546
31072
28178
13605
24291
22905
25655
28330
16569
25096
13466
25236
19467
18470
12865
220
13753
7877
20389
12330
20382
7911
5651
30631
23314
16398
11347
31500
25779
13555
12424
32000
3430
8314
26967
23456
25752
5862
4683
15199
14282
16201
18296
21520
31564
10559
21599
5185
12360
10972
27154
3787
27651
23267
153
26279
25696
31545
26515
11523
9638
26521
18976
26005
21890
23688
10751
9520
10064
10892
5620
32405
26006
10649
8045
12683
13521
204
21348
20530
29557
5724
14983
20116
23343
15309
9367
12413
18285
27238
17166
18829
17696
9190
22276
17291
20416
19315
30291
24316
24465
2771
11258
8692
11558
6110
30655
26925
20003
28211
28953
3926
3911
20779
4428
7853
12201
10763
26838
16592
24897
5758
17418
24784
12971
15170
763
13192
17960
12065
10395
6701
31206
4643
25892
4902
25985
9474
8119
11549
20681
29918
17219
12374
1990
28466
21161
29247
12281
29191
2078
1865
741
11367
976
18167
4558
25365
19916
22068
30401
28027
12063
11242
5844
32484
9787
17360
22959
4075
31389
29572
31307
31795
13229
5593
21754
10329
30438
114
22184
17447
4406
30608
29024
32011
12200
5160
14866
13511
2880
20537
5011
4201
3110
11612
2789
29566
10248
10653
18617
15235
32697
30345
15410
20380
30
9864
25324
22665
2634
17517
21053
13525
26344
2380
26042
32080
2265
9355
14077
11712
25375
19004
17062
17876
22010
31658
24224
30297
30544
15922
26022
11952
14930
13397
15365
7808
14941
19723
4515
32680
11550
32089
1344
15480
16378
14373
3324
17952
25773
6218
18457
12136
20785
28904
7683
24482
14049
14333
20109
29149
29918
32570
22398
5212
18866
28431
21324
31815
18483
30729
13607
16799
5034
11869
1593
14199
10037
965
2093
5218
11370
21386
24814
32552
9533
29922
13233
21437
27940
18301
19253
13427
21881
28251
14665
15214
24863
11488
3984
24664
25448
6698
5505
26199
1590
7842
8113
26172
31585
28625
27733
18686
23897
32374
10498
18022
781
2773
1464
15371
19211
21329
31007
28801
8680
4413
6672
5838
18402
14320
12887
9757
6596
10775
28344
22967
24842
22864
20528
27950
28486
1012
17020
26843
2242
1331
31712
4747
25191
27495
2593
22134
14045
18594
12499
15473
14068
29065
31963
15716
22851
7782
12588
3325
19727
8824
28884
11174
5230
11662
19004
21685
2475
19412
1963
7395
21485
6124
26893
21760
3860
21312
10995
1253
10980
22679
32474
4777
17765
7399
22704
27160
1161
12906
13716
14432
13072
500
16350
4110
9385
11908
29791
2361
9562
22297
11498
12797
30753
10951
13330
25388
10460
777
17974
19775
13670
30809
9147
20883
20995
9470
6297
31698
19710
2598
7449
12206
21904
19252
29661
24278
10756
13147
26912
23330
28953
14700
5951
6417
17064
30188
21624
30326
9094
16234
11762
22894
30892
24847
5118
15253
13717
8055
7069
30074
18920
32703
31042
24144
4695
1248
6361
5094
20679
22331
30471
32473
28593
2677
8116
26376
5320
30084
30151
11336
18140
20746
10288
30553
11006
4066
30764
30489
7397
9721
13508
32248
9872
12640
3991
5036
6957
14751
11994
20262
22842
31051
8349
3268
30698
26075
4944
21704
25546
27063
30597
1545
11940
1170
28408
6376
5795
17914
11468
3718
2233
22061
11031
24628
8766
303
22945
811
30170
30745
10729
21630
6052
15540
7273
332
13451
27462
13083
16186
14582
22188
27964
26912
19111
10921
12368
21507
6629
2174
16998
28740
19930
20923
14749
2838
4154
5460
1255
17461
31781
21239
29197
3030
29775
2205
21748
15577
9310
15968
13342
10054
12691
1164
7795
7927
24237
6136
3650
25234
9994
8343
32131
28347
5392
15946
3935
4487
22475
22520
29426
21043
23511
24801
25423
278
27521
2095
26820
980
6697
1742
16224
12757
32491
32638
1715
21749
638
9511
7893
8829
17499
7020
22186
16467
23330
17794
20323
10861
29754
30531
14664
3211
5816
15486
19893
25638
3459
10898
10851
32419
15541
28731
29161
10189
26180
6059
21891
7298
8673
11997
27665
5548
3104
18982
31331
32628
28890
5389
4275
12466
29904
25948
8563
13991
656
1143
30026
2286
32413
8941
8281
14768
1738
10829
23746
30232
16615
24891
28267
27398
31903
5570
29695
25096
11425
16876
18742
10886
31486
24208
24151
9020
31954
22636
10491
30701
18727
23411
4627
26454
30486
26728
1324
9570
18223
26796
1266
11676
31772
13397
26867
6633
9856
15999
10406
20855
26661
23527
22444
9201
29271
22454
14165
9461
17291
19098
358
23495
26693
26651
20506
6983
17208
13869
18278
5664
8366
25345
25473
835
6442
11553
4260
26260
1868
4540
28687
20962
5366
13630
28236
12829
9133
14884
3767
31939
5186
31247
4158
20892
12721
21783
20326
25767
17225
2913
2446
17492
2573
21748
25976
20467
11611
11208
25861
29293
23243
31776
9280
30002
7514
12058
2462
32626
12232
17285
19333
5520
20030
26866
28426
11476
19252
20750
9215
10080
27538
11055
8749
19557
19989
32300
27614
4246
25077
21618
6559
17117
12485
28244
4931
29005
32666
28323
23083
6745
2927
13695
18629
32323
25800
23916
27475
9431
11926
3753
21998
27480
17499
7357
7114
11963
2958
8786
19387
26131
29761
3910
5624
16717
27905
23808
32544
8221
19966
23808
17530
30008
32620
21946
21889
27076
24360
24997
1696
21772
10655
17551
24890
23673
27116
11059
13549
20414
13632
2317
19992
5458
13703
2157
30106
15139
18248
16587
7645
32649
11981
10074
24852
26232
10373
28127
13504
12027
22694
17348
30329
15581
24086
11624
13803
19113
3212
26042
24607
30678
4595
32262
12284
1851
2831
12303
2061
25033
19298
5725
6532
12664
23633
16088
31871
10370
30595
19350
7563
18640
138
5618
9318
16305
16837
2014
14346
10706
28804
8058
17382
21355
15470
20709
8815
18614
28192
14930
20695
19109
22807
24159
4124
31700
9424
22691
5957
22973
12589
16518
15081
22059
6683
11862
11760
9457
7794
5783
16285
4571
28189
28570
15053
29413
9082
21841
19065
2731
27651
8033
1922
28449
9263
7545
5038
18564
27283
28130
26093
31888
28237
8792
11234
6644
31906
10009
25758
6147
4582
8251
6319
16044
29084
12610
21337
19116
2527
25330
16675
8706
9729
7010
6038
11427
13425
23634
10817
9584
9186
15294
20736
30565
7081
19124
894
31507
4967
24162
19961
10320
3561
28531
837
4141
31564
924
20500
13096
1637
21873
4980
1955
20832
11902
8345
17557
26022
10131
19933
17536
23301
17247
29957
5283
31243
5952
18630
1136
23986
30298
9096
18752
22595
21223
13161
2630
8052
18893
10117
26817
979
3190
17013
22646
14184
7388
30229
23646
26518
4067
27786
31644
11843
18924
8836
689
7737
27047
30401
25843
28363
21800
21203
21052
2747
7486
20770
21727
1627
11008
1076
3040
16627
27560
17196
21860
13667
28325
8081
32102
15881
10731
26705
17580
20453
22670
24070
21497
28923
10127
31863
28549
28153
9462
32098
32426
4890
9504
30841
15328
27722
4699
17578
8427
20619
23216
32419
25427
15511
28672
22678
5397
16583
3667
5945
15768
1587
15468
24594
32482
12059
15009
15601
6924
5766
21481
30910
28147
13096
17719
14708
12081
8585
12038
31598
4172
6500
17717
20962
2860
21069
12566
4267
29907
7063
22978
17227
10312
11125
1711
5424
24020
26975
4228
3894
625
14264
5163
20078
9088
173
23592
6174
17082
2656
29738
28424
9833
22086
6880
3567
31192
4045
1550
27480
21000
20035
11488
10894
27300
11763
3198
7656
12087
1169
6880
15950
25757
13528
23524
15354
1720
25969
19614
3196
11876
7959
6383
6657
5036
5625
20313
30676
62
8799
1809
16421
17948
11409
11350
32522
3733
4085
26370
20163
5492
14711
20319
2370
9335
1325
25915
13035
25346
7995
32063
664
19989
27637
6268
10976
27772
15172
23111
18585
4933
19275
4167
6811
20087
24138
204
26311
16897
26562
29538
12360
5873
5338
10151
8985
18662
13313
11865
22727
26568
16341
22707
23161
8630
4419
12794
1069
10560
31984
14163
11588
19415
24536
16855
14913
19585
24374
22249
31694
22226
24483
21191
32512
7703
30593
8544
13019
31956
24730
31078
1817
10353
11525
19875
26663
19760
17226
26768
15473
9826
26053
26148
18143
26331
18768
32746
4767
1443
32540
24406
19494
17134
13792
27225
11121
31054
5686
15923
21393
3880
15937
19593
19302
7269
8340
20151
29611
6249
19023
871
7730
9289
21643
27235
10865
17720
1273
29351
19262
9027
25029
20155
22999
8255
15553
25407
23077
23295
31167
967
5186
29386
5182
29162
26424
7947
10314
21142
14604
28491
669
3494
10235
18269
31754
19383
24835
27608
9244
1591
16293
13003
32506
23998
6890
11435
23181
10914
25508
22928
32485
31686
30710
16033
15833
30642
20502
28621
9710
21481
26706
25021
23675
22134
3153
6150
25354
5577
26524
930
19456
27329
32604
9633
8833
18698
31078
18972
2446
29097
21620
28523
22128
13269
30133
11671
10842
12297
12169
12818
20298
20823
9605
9126
23600
28927
12734
684
25682
22592
12100
22910
13807
5230
19948
20783
27682
20805
21331
32377
22538
11645
27935
31478
1320
15774
30856
7827
23816
12566
25368
27971
11812
19849
2222
3312
6661
13416
13001
22455
11947
9925
7427
24148
12079
15206
8924
28379
20391
15128
31417
29610
26698
5957
8749
16027
25557
11977
24438
5246
27949
21762
31819
3270
8261
20262
7637
6530
16962
15322
24059
19343
17629
6400
2530
9996
6409
23504
10676
7183
5334
20266
13729
30614
28822
11306
7204
24769
7998
8446
32136
13886
1551
14836
16554
24580
22389
24791
25856
26948
5423
26236
13786
30364
32176
19096
17128
27791
26821
13780
16893
23090
22393
23076
15890
31783
15158
11604
14222
27599
14380
12772
6597
20156
26358
16917
10686
6757
22907
4420
21049
16414
26387
22391
28912
21831
1004
23350
2334
3011
10155
19868
32574
3756
1878
11437
16917
5956
9841
8170
1266
20015
871
803
28469
19680
25388
5005
25870
21330
33
29460
19847
1528
8248
30194
31173
18422
22104
28289
4490
1425
29443
27469
10495
740
26678
7022
25521
725
9360
19733
18649
23112
10679
14948
11488
17299
25080
6275
21538
1585
31021
7408
13043
18106
15588
27926
28383
4882
18365
11298
1334
32481
31764
6930
15049
25668
4576
32526
14574
7363
15323
16892
31690
18050
10212
335
30159
27067
24225
32543
3203
4715
18024
10623
21123
12876
19808
11275
8904
24324
32483
16320
298
16540
2087
11537
25634
17459
28702
13366
19412
26356
1690
20424
19021
11589
20149
1419
24841
6721
26736
14731
22456
15209
15770
14186
28737
7318
30196
26104
7176
14387
30354
22788
5741
14248
28804
13682
2197
6169
17078
7054
6764
1873
13077
2976
5354
3321
17139
30913
31126
21518
8877
32236
13129
10386
2187
26968
17461
32129
28391
4613
5413
3846
32146
11157
18950
29935
8819
3166
16295
14687
7537
6589
5821
18370
916
20141
28714
18438
32102
4248
15999
14857
17568
18029
20671
25933
9474
26098
31334
28915
1155
27484
31913
14311
13994
28445
5376
11608
7996
19965
21730
25963
26647
5996
9935
5680
20062
13846
9364
9429
19158
1721
8907
4889
6544
20787
5537
24836
25801
22496
13020
14037
5902
28962
29980
27453
6308
24385
25696
14794
31782
23158
18381
15782
24176
322
9387
1153
32188
8964
11953
19916
19467
6347
3458
18984
199
8297
7031
28446
28070
28105
415
13072
6865
26242
21764
17775
28230
15275
6448
5935
25210
22002
19440
18296
4163
18408
24152
18591
4086
15007
16135
20820
30156
2167
22957
28189
28043
31285
12234
18179
14690
23125
28344
28042
6164
21154
9963
18151
22105
18435
2168
26222
3969
10392
18644
27722
24922
24581
5598
15472
5972
26126
14880
8662
4323
7013
22098
12767
26405
26815
21536
1050
5573
21549
30254
4653
11039
170
10584
21516
17316
19440
31550
27759
21632
32401
23040
31106
2427
16962
326
24030
14877
21114
14468
5560
14870
6972
18044
27736
2269
14896
15876
9677
9366
5625
2057
28896
1081
32707
20180
13638
31985
4891
11916
4634
5826
18436
20220
8330
5231
27463
19095
20176
12955
28938
1721
26468
25134
21924
24880
6255
506
176
22267
3971
23455
24160
2129
32138
26539
8981
15846
5885
7430
27948
21353
25687
20366
14618
11089
30408
25086
23483
4057
21805
20244
30439
9545
13632
19955
7239
20856
21772
5574
4710
15503
2213
1190
28683
20239
20501
11710
455
20758
2457
4780
11722
3806
5134
3115
18938
9862
30118
9711
6215
25365
23263
29137
23864
18620
438
5676
17610
13915
25879
7047
2427
16455
15513
15732
4514
10315
9320
17079
30465
5868
386
8363
11421
31217
30247
28130
14030
11299
31370
26636
10642
19026
28109
4378
24870
22936
13100
10147
10456
8930
12153
32390
17431
26539
15048
30673
3532
21515
23147
9953
8685
20977
22305
24011
17742
8620
906
10747
32699
23473
18142
1051
7237
16280
16351
14135
985
29799
5132
17182
9751
7699
16152
15883
25696
27716
30362
31108
13105
1625
30214
28291
26032
30892
18140
13524
22405
1815
22815
2494
26859
2231
9
10725
263
12527
9981
623
2680
27056
21181
32102
7727
8952
17117
27997
20609
15257
18296
23639
21626
26428
7969
16868
26997
13733
28956
25741
18153
7993
14287
27250
31366
15037
12147
23858
27777
96
7439
9483
32300
15868
423
16195
30409
8345
3504
13254
12960
30515
26824
3600
18511
4797
8612
23885
6242
26469
23114
32703
31523
21274
1152
15713
179
11595
17028
30154
30554
1010
16381
25939
11292
10706
5938
17788
6541
31228
5754
19596
30950
29848
31219
20600
26967
6370
28023
4358
8607
8307
27340
27954
24539
32706
18459
2001
2971
20458
2724
8052
15931
1454
20911
7567
9585
6586
28102
8411
29730
1579
30753
1784
21882
15698
32354
14679
5691
32181
5763
16727
30805
10071
28428
26542
25784
30266
12169
25355
28518
17953
15675
23034
25036
17306
14350
15367
16210
11836
17355
13862
30769
4142
29071
18002
16004
3817
23932
12917
12707
14654
21678
26248
21420
30362
6000
32251
32098
31625
2992
31831
17467
26489
29617
31010
1716
28609
32000
17155
4840
15329
15273
15910
7009
22283
26026
482
28206
23267
25256
31129
8757
14212
993
3296
11979
15555
30818
4832
8578
18615
20858
5372
26178
16249
11118
9397
21916
12328
20078
18634
32090
19248
23496
17827
22363
3532
23388
17647
25246
18122
15696
8333
21148
22671
9221
21672
18651
23642
2633
23847
19648
2765
6606
580
30117
3497
17882
22650
31531
7897
32321
30629
8145
6322
3729
11621
10694
23417
32140
11971
24060
11301
219
3351
12670
28775
22784
29225
9475
27624
10637
26518
32451
25298
8595
11637
22153
17809
2142
25659
10250
18907
607
3548
24437
5357
8810
10803
5195
23320
6946
29348
26225
6269
9393
30976
12676
18197
27324
11688
2668
13812
5781
4342
15156
26062
18867
5080
12568
3770
7264
27582
4320
13110
29874
23991
25965
25707
18876
17622
7314
7091
9989
22491
17957
19801
1082
29199
18773
6304
17695
25456
1085
14598
30155
3086
2490
7369
5909
18101
29050
17579
3914
26316
28246
20722
4897
19837
7906
24500
6896
23063
19522
8273
14367
14768
2879
16449
24285
23054
29594
5392
30739
968
24991
10150
20374
24488
30206
1228
12961
27476
18391
30444
21122
8493
32020
3352
16275
22392
15611
4942
4204
6844
12547
24571
2391
1898
2023
6845
22533
26307
12026
24685
14207
4855
13754
26717
4190
26250
4007
3806
26943
15100
10326
26886
15218
15017
32193
17840
32754
2542
13537
16323
2202
2957
23679
17848
31125
17491
21063
14934
30487
8696
32286
4800
23370
10566
22453
5554
2188
20349
27230
8200
11223
759
19231
4736
896
9992
13573
19648
32293
1832
16315
22939
17889
1364
25691
12432
3009
1969
17540
12435
10108
26995
26541
14353
24414
29437
25273
32302
27782
7497
7627
4433
3921
9355
11355
7906
18454
11793
27530
26706
2068
1390
23218
2396
28328
13527
25154
29579
26308
31949
31945
17149
14492
28413
30288
20582
25506
12388
13805
9303
21685
9910
17813
12225
19605
5377
3122
28085
2715
27533
28149
21101
4007
20232
18158
11152
3417
6879
29658
21938
21892
25327
23868
27418
24031
14429
14511
20425
11262
13762
29818
16056
15745
5772
357
15456
16524
23969
28363
4735
12407
20293
3313
14618
10950
16957
2454
20670
4187
3124
15051
4620
18154
3423
3077
22133
11950
8029
16753
7745
8282
27489
1415
14294
1875
27538
29922
27703
27676
7090
7247
21707
785
7422
7460
15968
4953
20822
27603
15727
18966
12702
23742
22433
19934
25444
29517
26259
9839
20931
10046
6102
19614
19847
5181
11835
30353
30865
18357
26701
29742
126
8421
12318
12243
27779
30518
30791
10056
667
31436
27178
28914
2021
859
18810
8521
24647
16700
12542
9356
20824
1216
3217
24755
27773
4036
29806
13221
25682
9605
19882
8619
20811
19638
21506
18468
10651
30672
28887
26747
28756
1962
887
8023
24528
23625
32414
7185
4945
26617
32573
27755
29668
30876
16505
12415
27787
11075
4343
19189
10650
15867
11607
24953
26466
13290
9214
16748
5133
32666
9753
31962
18633
10132
27102
21421
24105
6449
533
15648
8135
7597
20184
9590
25391
9597
27543
13291
1528
24034
15967
11499
5940
17599
3163
17538
12299
11944
14235
29972
16290
29499
2580
11854
20034
13235
12776
28764
31670
28602
21224
10076
15604
23679
20823
23315
7424
12809
14833
1759
1294
25291
27436
11757
20455
29048
25534
32684
11405
22808
23135
8322
5154
15196
720
27325
22278
18734
9244
15308
1344
6541
25630
8623
13855
25240
27715
31916
29472
18664
19346
26948
18963
14627
14825
1637
19066
32718
8329
27617
29234
4963
3028
25887
19797
17572
27222
17425
19806
18734
15619
24677
7054
21585
7359
5888
27279
12831
14628
23976
2904
6339
13439
16128
18768
9237
283
21178
20918
12139
9155
1544
10816
433
32642
18515
31490
32700
3757
28720
12178
22747
11555
27792
13162
25007
22484
5686
19853
4413
1408
13679
24430
21570
31937
4093
2829
10950
19276
4948
1123
17396
17012
28425
4608
3113
7408
13191
243
24907
12765
18692
4074
24924
22791
21171
5530
1871
25700
21051
26209
2586
21217
8041
15658
12812
8289
2081
11154
6241
22275
11419
21833
1300
17828
27596
31418
24308
32678
29729
5870
25082
2543
19571
5293
4058
22836
26936
24295
3800
1399
8694
20563
27357
22222
6910
18006
27850
3943
30550
23334
31756
5833
26359
2863
15985
27228
25912
18870
27193
30508
15243
18620
32369
16618
7271
30757
21884
31284
27269
25
17907
29205
79
15019
17839
31440
2966
28856
17187
11737
20867
24082
10479
12581
28368
16606
16307
24995
26679
30779
25121
1803
7979
30245
14167
29910
32455
2200
26475
15501
29956
15864
32327
21831
3118
26800
28855
23662
14489
1562
30656
21441
11920
3231
13876
159
21646
25887
23683
20610
9649
5010
16084
26314
6251
21232
4436
14268
23931
10319
16078
21706
2843
12619
3453
19988
2171
12715
1566
19760
19823
9282
20808
19750
19044
21266
32512
5055
3225
15032
27785
20480
29324
15620
15481
497
1202
26343
5394
4003
18026
19858
6350
11120
4916
18140
19772
28549
23582
228
25611
21150
22912
15608
6756
23057
1257
12726
8830
11534
28505
22641
19308
27941
18353
10711
23353
30728
9575
3536
20278
30355
27518
681
30355
23817
22454
16241
6957
16545
4608
21923
11431
9793
20532
5638
8636
11913
25094
15570
979
17171
14647
10516
22740
10489
16904
9043
24379
7320
8180
30580
20587
23188
8862
26075
7492
14877
1801
12243
22775
15472
22791
17200
17945
13728
2292
18739
14839
29334
2467
7341
18986
86
2713
27495
30827
30853
8825
1730
20648
30504
32192
10139
11607
7599
26034
10609
5642
18226
13205
202
27715
20986
1052
28882
23178
8771
16166
17478
14782
16960
18345
3472
24745
17248
26600
12852
4566
17616
19949
17770
31655
17217
11315
30220
32418
5611
21155
5043
11788
15570
21441
28446
16057
25672
2600
6611
22562
16819
4660
18696
31672
11664
3070
24515
30328
7864
14733
25665
4288
27362
19786
25749
28769
28778
31925
3729
24821
3409
11095
32489
30323
1924
16887
2966
15872
19041
1553
3449
28936
7543
1412
27969
24206
14477
27275
30606
32448
22758
19438
15446
25807
15300
19834
32137
765
8747
9390
28912
29944
16871
21943
22875
17510
18385
15519
15099
23489
20301
14017
12045
7013
29463
128
6840
17639
23360
6968
19769
12457
27763
20341
18749
427
31869
8035
15758
19364
12300
15750
28914
24402
26039
23467
9553
12558
21055
26143
13845
3491
12821
32542
30166
4448
13340
20110
3895
5484
431
31214
27915
1882
2022
22665
28093
24317
26133
14319
26094
9854
9622
17573
13919
18603
7881
27420
30994
6546
12120
17632
2476
19791
9664
26130
27934
20770
1549
7960
23684
15045
3044
1683
30541
16892
3527
24465
24733
30829
9621
12293
19439
13234
16976
7028
15615
23981
1827
22000
32487
7963
7076
17226
5768
6252
20822
5764
13355
7379
17010
1413
26728
9113
19943
25872
8264
25526
5279
16631
11430
19874
23556
17548
22747
22377
31171
1881
21658
20222
11471
4625
29976
9937
1962
12230
4464
28835
20448
24411
32327
31385
30420
31037
27819
17040
4030
23886
12353
13233
26357
15650
12448
25157
7786
22126
2552
14794
29557
12733
8439
20806
4565
14693
11757
23003
6130
15546
814
23452
12388
13185
4792
13471
25785
21928
30485
3667
3443
23348
899
15636
849
30842
8019
15869
30160
27282
28815
18174
2800
10249
6623
7470
11323
2518
4013
9570
9476
143
18568
25342
30189
10717
19654
22795
428
23086
26990
394
30478
28329
2645
20232
7227
31591
32646
27763
24381
10720
12775
12076
20412
23459
2842
28509
26123
25931
5282
14989
15209
30126
4679
5234
6016
32087
7099
14854
30514
10807
31101
6877
28821
19351
18686
31925
6204
12881
11267
32079
19385
24896
1866
26237
1375
8693
5232
2173
7501
20907
19218
3717
7080
31357
25907
415
39
3287
733
28087
8917
19755
12555
23794
4626
18917
22471
7490
4571
28064
21392
1080
8268
410
15870
9497
9059
13413
10665
11571
9223
30944
21830
23153
14921
20838
6675
16430
3817
23365
6518
20039
5660
11890
28128
20084
26508
25979
25336
19416
22433
25020
30966
6358
13823
8150
14156
26407
21840
12381
4748
9769
16451
10449
27014
7034
16340
8400
23984
27078
5839
3977
2764
31197
5775
7540
25028
31241
28940
15937
10969
26526
27669
9998
29436
22226
23001
29916
26748
27855
31404
5956
27362
16391
11272
21350
21018
4808
2258
29475
12499
7184
24287
29836
5671
21154
7607
19865
4735
28249
8857
6175
945
5053
1471
14844
27756
24020
19682
23956
23254
14907
9985
20098
8819
19316
5471
3719
27977
17794
9675
14022
26690
30899
8739
31028
3793
32446
22811
22090
23000
15885
25659
23293
21962
14172
3879
31471
25613
20867
17443
23271
11170
6032
8662
8063
32007
7449
7758
5148
11612
31953
23365
15907
11462
9560
4003
12394
23569
26712
10820
13037
26009
32717
4602
4803
7530
32164
9942
11856
11430
22920
26787
4539
3111
4345
26292
14242
4710
3486
23776
16909
6299
17884
8650
16289
31526
19367
19046
20759
31022
15768
9912
17132
14216
20032
31711
28505
27354
21949
8019
31877
27904
8586
22379
19194
16814
30364
9506
10325
20055
31146
23322
6722
18766
29132
9697
21928
9260
6471
26996
13857
30065
28839
6145
18861
9582
18447
26097
17575
25186
29390
32550
29176
8163
22834
8577
29578
9599
23713
16552
26368
28836
16869
5894
17060
28093
5576
18451
32416
19614
16353
30677
24178
29730
14253
31655
28314
22802
4066
2105
2709
15433
19455
216
32527
5142
13352
19439
7253
9442
6961
20686
19721
3347
19193
683
1305
18480
2809
7398
7409
27973
29980
29842
27888
11401
3281
816
15641
20542
19551
3773
23820
17625
7290
4848
30772
27747
27155
20413
31297
16671
20084
8477
6105
2925
32139
1041
20362
12014
28294
27876
30468
21225
29345
21169
10373
27117
11836
5158
9364
23736
10289
6535
31730
23640
25444
22518
5582
8080
13980
6641
26168
3965
22161
12572
26840
10105
17990
30017
13280
3136
8600
13461
14143
7762
30231
31037
31768
2968
7702
18448
30834
9289
20990
15519
19249
30479
25576
9842
29765
30822
22890
2965
23841
14661
22448
13396
17774
28929
5583
9282
26625
24174
18775
9344
27659
17479
16679
17211
30352
1232
8838
27767
28699
8377
31855
11
21167
7494
9515
2285
5120
5549
5670
31152
32739
31680
14843
4683
5892
19403
24785
21276
17879
14272
20202
8493
2001
3473
6521
32693
19159
23774
17844
738
9975
8144
24107
24533
15958
27461
29272
15855
22889
27181
13431
11595
4968
10291
10648
26251
11008
28577
8178
14296
19273
15997
24442
17188
24823
5880
18612
29106
20436
12042
21961
16601
7278
17238
12763
19461
24076
4435
23189
14334
3303
15533
6
25453
151
9193
5807
156
13004
26697
20442
31869
6718
11503
27694
22254
12775
20804
7297
20539
111
10907
25837
4068
13288
274
13862
10401
9659
21433
12554
7588
23266
10231
18554
19742
21592
26665
13673
25604
17358
5515
28978
16147
30880
20828
10799
23826
6407
317
26247
18007
31632
4827
18759
3468
13517
8909
11701
19891
11594
2752
3297
18792
21442
6865
24956
3942
16275
570
32237
18509
22384
11057
2210
4515
20566
3597
4772
2584
6337
16299
31855
29454
1055
16144
7424
2904
19077
17999
24367
1858
12449
8877
18751
18898
27632
22532
8884
17230
5936
4965
11364
6398
19225
12545
7889
31283
12104
22858
25270
18057
6012
31061
14304
26984
260
6787
15935
3793
1144
23904
5437
5463
4008
7115
1358
24939
31698
30296
26569
30173
21528
20722
16630
30112
24624
709
16488
29390
18270
15707
7053
12011
24479
28420
30339
12398
32039
9340
20269
20861
22030
11720
7815
11257
20039
2657
9270
1722
16337
24724
4196
10268
4913
1065
32714
12730
15391
20547
32270
27001
28288
22663
592
5065
8084
13696
6656
17191
10097
28738
13810
16614
5808
20814
19892
29488
5222
5814
19743
25672
22614
21890
44
20241
5476
2641
28937
21716
26701
7492
27756
16446
7830
23831
8232
31144
27074
13713
2046
4252
21192
9503
7349
32404
452
13756
31084
1796
11757
32019
27440
22683
18887
26600
7882
21446
16282
21684
24794
6775
21026
16783
9258
19748
30088
4435
16956
6418
13457
11263
10789
31699
30230
32345
29086
24590
14004
7384
31833
30590
2756
3520
11665
30269
31885
32399
22501
4931
6841
26776
24422
29225
19206
26862
16879
23091
13630
20355
31157
24206
23145
10641
28190
23510
11329
19257
26327
28380
14566
7275
13601
18597
16083
11525
1899
950
15633
21567
6950
24206
21418
24390
16597
32629
2145
4903
26211
9588
17312
1519
7098
27301
6578
4880
17809
31661
13362
28423
29317
26758
28612
7740
1644
29314
515
21290
12262
31628
15290
30655
23604
31409
15190
26118
7502
6624
9115
5123
13871
24814
10903
14047
16756
4573
5332
8517
9765
6750
28882
24843
20179
16020
9908
24597
22243
24859
12346
3190
8745
3145
3311
19417
4793
8372
18084
15904
20729
19700
6684
4938
23035
12970
6153
30874
18442
23745
21047
24821
2435
27379
26888
11405
31207
5775
3360
29628
4397
29818
18785
31026
7517
6260
10522
1875
14938
32157
3707
15579
31743
22584
19789
3268
32366
13486
24032
30057
20645
2006
15428
13035
27987
5235
18363
28884
13801
18943
13935
16122
9203
167
29025
19879
9385
13974
27810
13558
21185
12918
20421
19328
648
12084
660
20536
21553
29956
29186
27540
16493
934
8545
19438
21308
12775
23509
24873
2306
26218
6665
31639
477
19880
28704
21018
32566
12598
6127
13194
24470
21575
27497
26455
3259
31089
25434
368
4076
30132
28249
11619
16521
29880
13303
13509
16614
21078
6205
17620
15705
11610
4950
14171
8594
6023
12680
25302
14379
1756
20329
13783
26752
27670
26191
8616
1729
4726
32008
6194
27206
11460
4299
8477
15906
13204
2671
19001
16378
30920
5083
30493
24856
5206
25022
21518
32187
3660
17792
28706
7857
27153
7032
17060
31016
30445
26975
8123
8386
2507
16644
24647
8167
1086
15170
16652
27231
19651
7983
15634
24096
7238
2455
26443
18020
17639
10409
1911
5375
22013
24559
32325
17904
16731
26756
13499
8502
26067
16769
6871
20197
8953
1208
31095
29048
23081
29605
7030
14953
204
20641
4632
11519
10198
22617
6312
872
7315
28543
23391
27143
1700
22719
9608
1295
10053
1781
15074
29777
7633
24477
24646
18770
21895
394
22409
9121
142
25564
21156
26471
17463
24876
8722
16960
31363
777
8826
29257
11493
8616
11662
891
11336
11223
4659
30519
27220
11059
22498
2593
30701
22683
20814
3122
19709
21732
16967
32521
15732
22990
7390
28290
16269
30519
6602
14218
26450
12431
12298
12594
15202
3724
12236
27650
18162
31007
1166
31631
3346
28070
25219
32335
16689
25955
25400
22445
26852
45
21879
20569
19171
18277
17516
4322
20308
7468
31238
10886
13645
11219
160
8777
16788
27027
26593
12868
19113
1151
20704
13632
17926
19126
1420
28803
15013
25309
8012
12266
15555
26829
226
26680
22244
17032
10133
21422
1047
16754
6031
15580
8059
25534
26500
27574
27906
18982
12180
26858
8053
13791
24435
2929
32696
8908
16327
1124
6480
20978
8913
23826
4130
22572
2128
6991
893
1311
14498
15
8795
13937
6957
5171
21732
27446
19453
30626
7988
11179
13486
9884
8542
6439
11405
10571
22705
14926
25594
24987
1594
22408
7953
27468
24201
31666
905
16966
26296
27923
32219
9004
8874
12945
423
23091
30865
31012
10580
29749
28083
28044
30968
1537
8301
24127
18551
32246
9080
14758
6382
13264
7787
15496
22866
10945
22401
25799
24148
14788
2717
31818
4488
3630
12683
20538
7111
15493
8585
26737
3794
21398
8710
21295
21047
9666
24745
22799
22393
15513
26261
11578
22891
10922
29420
28123
10973
12184
24209
2259
22650
25201
27955
22701
8689
22076
12167
3540
3667
27857
23252
14339
8124
19438
14773
1022
27190
10374
6683
384
4570
23644
23697
1396
29753
31185
2244
31847
250
20986
2882
16702
1476
8438
130
19492
29022
21631
12581
19911
21012
8382
9083
2756
4957
22372
26185
2911
16060
13558
30921
29560
17380
6248
29683
5819
3103
22766
22779
7446
23792
11791
10523
19312
19959
24059
10898
17560
22038
9758
32493
22139
13266
4597
28293
10139
13564
13345
3401
22716
8592
30138
7357
28384
19933
28645
20291
6518
6118
937
20634
10447
21513
9214
14244
18641
27870
1575
17772
21487
14946
11330
5479
21081
21589
32286
8954
31087
25568
25676
18493
16252
14459
6521
6655
22433
9230
9723
17674
10767
25174
14761
20647
7289
3979
22512
27237
16074
29248
2595
7959
12307
7306
3091
9500
20423
10340
9952
7139
3882
4946
11790
25773
30471
32069
21211
30869
13729
20159
16848
24526
18669
2615
16023
11821
6398
19647
12812
10471
5825
16868
24214
31131
13034
3798
11960
4755
16686
30921
20963
10311
7091
19098
7055
25634
6853
15798
22666
13449
13514
27192
3727
24090
23160
593
23066
12849
25413
23789
24187
3761
7711
5011
31785
2817
23134
14221
16730
30292
31991
25162
18640
2862
30194
9472
31478
31780
10782
7061
25899
15843
9475
9920
7006
12915
10008
4460
22491
6589
25654
9565
19812
27467
1613
29461
24452
32080
18518
20729
13600
7400
15752
21936
22863
31648
6351
20940
24172
5689
2170
3244
14185
30889
31283
18592
15205
867
23349
21071
1921
5592
10425
8022
13040
16958
25777
16434
2382
28304
17081
10592
16179
1750
8523
6082
21767
9382
9010
5189
7192
20459
32065
23233
4585
15589
19524
10273
1486
11121
1847
13251
15541
19339
25014
22562
1863
19217
12981
11954
32304
28873
13169
8971
22714
26790
10918
16714
4513
9543
22531
17332
20003
31425
13275
9117
15190
22174
22301
12681
21950
14630
8070
30864
20255
21469
25621
28935
1680
29004
19904
18012
18129
2564
10341
13378
16094
10977
16387
16142
26820
4236
7722
19297
21172
7235
15280
22792
32342
1501
31398
25888
19039
28424
31882
14206
6758
15318
10430
8014
12532
21624
30521
25337
28634
13385
21373
26445
29383
27150
11209
20952
14361
28027
143
10900
19444
28154
2088
16586
10641
32425
15047
22320
18137
17313
23212
23380
32307
1150
19610
11326
19098
18460
21642
13393
2546
23966
2721
23155
14748
30389
7264
3694
24904
14111
11803
29845
8202
23917
28844
29866
4017
26890
16232
12287
29268
24953
23122
8924
24109
8926
4239
29985
23466
21440
28442
15916
10690
26637
18361
16381
7302
21854
9264
23960
18936
23677
31156
20651
31007
3109
12450
25201
1883
24840
21617
11222
14327
10006
32742
8412
8701
32765
22918
27453
12366
13036
13393
22610
26609
10653
10413
24115
26796
16018
14753
31776
23505
16543
23107
31264
17755
20392
26484
19431
27449
30380
27082
6909
18154
9986
13262
15389
13642
30947
12392
5084
22700
21801
30103
11915
24872
27734
28517
3933
12087
7896
14107
31437
1149
14988
27313
16442
14053
12672
6280
18132
6643
11773
4956
25020
4694
10181
17012
12135
1981
24217
16923
2116
10476
24062
26708
16542
13839
28225
458
16835
17742
5817
23302
15974
13729
5452
27108
1602
17382
28468
11080
15616
30257
32515
2317
30811
20835
9189
23614
2434
3326
30246
24457
30141
14647
9460
9712
25172
2893
24933
27074
30637
17434
31420
18378
32692
25832
4072
15046
17279
9861
31309
27419
27699
26266
21959
9926
27425
32568
18924
5526
11573
15540
30866
32152
7569
26037
13714
11219
15221
2443
27595
21814
18274
2242
21353
975
19327
3063
23911
25662
827
23787
30802
1896
26164
21974
4688
27760
23128
23294
31842
26339
20809
4743
4838
13618
21766
20109
20320
23398
18377
23920
10105
5647
23339
13423
23880
31101
654
10361
9425
4403
25788
10559
17099
5017
4300
12942
2215
32241
31302
26588
20941
11404
135
3617
26153
17214
1382
22504
26086
31247
22295
14245
8825
8755
29008
11337
2274
30525
22955
15380
302
4239
6988
4522
26433
1813
9667
28522
210
9011
4915
27899
5303
9979
6580
13095
1891
2212
11255
10733
8365
12599
3369
19665
24275
5004
23577
6519
31422
12149
22940
19568
391
21817
28209
24660
10043
15684
13025
785
14043
18460
361
30082
17319
31383
20379
2372
32668
2636
23042
12485
23356
3655
25029
21917
21133
10241
461
26914
2916
14479
24362
25398
10467
30233
14515
9060
30785
30094
6637
26668
23241
31894
13615
20634
4390
12232
10499
7198
19421
28958
13518
7319
9499
677
8372
3761
26545
16761
23734
19569
18269
3313
6941
3598
28235
11799
27164
11523
987
21339
4273
7522
4261
29832
13004
4459
25531
13046
179
31581
23853
2562
30117
24972
16851
25531
27069
14516
31814
26078
31514
14477
28464
2821
4669
24223
15558
23579
1458
4952
10130
24083
8435
9564
28790
2009
4745
3868
21998
21641
1396
15018
6293
17888
27085
14284
10475
27376
12458
6223
25173
16151
32578
26269
30565
30001
7506
27282
29532
781
8895
12428
29933
286
10364
1729
1604
12915
174
25814
13895
18665
14862
29101
22300
14752
29327
7038
1515
13739
15682
30249
24549
6924
8054
21450
2181
29151
26915
19342
25877
18901
27785
8902
12661
3044
22804
19514
21016
5181
15747
29120
1871
10367
30025
15373
26058
7722
1331
19658
14427
17750
11084
7915
12030
27557
9726
16700
32535
2934
30329
7996
22778
31579
8793
19503
22192
12750
14466
1135
18425
28959
7503
22787
32653
28593
25069
14706
1447
20582
11009
20441
21444
32600
27281
25404
32168
18122
28961
13338
27555
12382
6684
1860
2578
1672
6006
21231
4648
2626
8336
16903
20463
12545
2140
454
2441
32488
32449
3462
27580
20796
321
27859
8110
11545
16089
6085
28140
26211
29480
30092
4785
13054
31956
10573
10086
32322
13098
8493
17765
4265
16132
7083
17922
24523
31472
5938
17356
6797
7822
24558
16656
17813
14650
12256
6047
31745
16363
5421
5585
10328
12891
4796
27850
18880
7017
12031
21500
6514
28859
25873
1517
9324
5543
11266
31291
11621
1364
2159
221
27398
26652
23637
8875
30295
6197
26918
27425
32120
22929
14365
32608
3729
18690
23759
9845
3851
18082
17924
9950
13057
24434
4292
7498
2289
31297
4533
12449
28088
19408
2212
18244
31933
22067
12897
8598
20588
30586
11472
32187
9958
19345
24893
10400
16118
25957
26864
8251
328
9032
8193
11028
18901
8855
23150
2308
26018
5786
28523
8508
6314
1707
3833
20874
16408
14235
5562
17112
25786
17489
21252
26358
20915
10676
30004
921
880
18892
4165
28323
733
10787
29345
24484
216
29042
15414
31393
17894
26745
27597
30741
18980
559
22167
3638
2433
12059
15881
32633
26667
2
30698
29272
15175
23490
23723
30291
18917
19582
28662
23093
23091
10235
30601
14232
7920
5962
29765
22443
6436
16808
12674
21811
16911
7842
24230
8144
4447
13181
26358
17538
13222
16340
31660
8043
1290
7555
1097
23255
9279
22468
26924
24441
12722
15768
27748
6647
3847
29545
1219
14762
12998
18413
28467
19615
25681
20557
27213
23777
29722
3975
20520
29434
17426
11537
623
8631
13413
32447
23735
32556
18532
27110
8463
12024
6082
24514
4824
25034
24580
30997
13271
28196
18995
29969
22408
26207
14548
8056
181
20464
12826
25090
15688
24553
14937
1279
29790
24771
12990
25405
23196
9562
4158
5420
198
11577
32460
22336
12429
24088
17615
12183
2985
30371
31443
5852
8488
7805
27518
10347
27910
14213
12230
7605
30205
21592
23394
6374
32158
30743
19838
710
30369
874
31155
32733
13690
29380
15670
16603
3885
20969
5200
12855
23138
2222
17422
20245
1724
25856
19513
7021
15975
1576
13704
2410
17904
3405
4117
19984
3674
14139
13838
26914
11630
17251
9901
25667
12370
19490
3434
3419
31837
29766
18799
12348
12842
3534
2380
4998
18155
7665
20204
15559
18432
25186
28615
16359
31945
15315
25946
7620
23224
8632
468
30233
32682
845
23827
4260
9847
14810
3534
392
18887
28725
788
27888
26920
9097
4597
11765
9310
8535
2943
25794
8442
9914
28396
12277
28207
1263
3097
5449
23264
28436
10810
23922
29181
21808
1741
26441
4368
28788
16588
13865
19731
25793
1063
16281
6533
7018
2417
15403
26045
15162
15833
32676
9341
25017
10077
7260
29130
427
22842
21992
19195
2778
3239
9975
3345
16149
12738
24186
11590
22649
3275
6152
24553
25839
13200
4992
8552
31478
32552
12272
21935
11171
17892
3509
29104
21989
29059
7140
25411
16142
17829
5353
11057
5263
27267
11886
23947
15107
4060
127
31809
3696
15411
26603
24559
30665
7223
26605
8954
31671
26243
20235
17116
9880
10119
9023
27580
31177
2502
6485
8770
15904
28227
7060
16297
24509
26933
9120
29718
14083
30466
27551
17192
25313
32107
15003
11984
6230
27908
20519
1123
2868
5864
13126
32749
21540
2730
26760
14793
30698
4239
21366
4718
29674
5114
18224
4236
29675
4647
2645
25944
5404
24860
21027
2851
23124
25309
30944
12850
13726
30944
29560
28618
19189
19392
19047
25482
20556
15157
6617
18174
11986
2628
23824
7024
18803
7091
2311
27137
3234
21184
14933
18937
11094
27667
31315
8540
11602
25328
24449
21438
12970
14001
3366
21335
4227
9332
22071
18522
11034
10513
1914
17027
12552
24399
7403
10479
7108
3671
26207
23601
6505
31848
24423
16034
17337
22989
15991
5880
18530
22540
32584
283
26241
16737
27770
24884
25957
9322
27774
3334
26773
26660
5555
8065
17684
23574
19919
10900
15331
6348
30849
15172
15816
17543
31061
25595
7246
4147
3287
16674
19469
153
15611
11249
7211
22486
29884
3974
1827
13068
30468
5173
197
12375
15564
5408
25983
12547
32388
5127
28378
3068
27829
8033
20807
17541
23525
24235
26396
6445
26555
14592
3290
32511
20835
18922
4785
23802
7476
6264
26438
7105
13200
17552
24499
23955
2316
7815
16591
29308
4561
23791
28081
23757
1091
25776
24431
31179
12000
22363
18987
8868
25962
23482
4945
22951
18760
21676
32026
22451
28970
31279
11093
3568
13292
2239
25958
28606
6845
31455
14735
6379
16000
245
25966
9257
5234
11098
10183
17855
28173
31410
24452
32382
12333
19065
7162
31479
1394
18911
622
29419
4069
30422
11480
7427
24030
20329
26086
2753
9765
11599
26180
183
3927
32704
30491
7927
1675
22407
7640
28106
26934
31065
13614
8869
1612
27237
5982
12632
15016
11052
15798
32137
11438
5267
31063
16481
27439
2870
10556
30341
29580
32000
4472
27208
25375
23801
14271
11807
22486
4446
26920
6997
17441
2039
19761
10495
14863
25765
10756
12083
29108
32315
15865
27253
3789
7566
21083
21362
27047
13008
27503
7921
24380
29977
14770
31238
27807
8263
12387
22152
6555
17672
25921
23494
30359
24373
7574
20342
12733
9826
11380
2798
1884
19635
1599
20631
4490
8177
11627
5534
15117
16604
23687
5100
22908
25795
4475
14425
12961
21843
24078
16668
28962
8877
8619
8326
19552
15291
4196
30705
26528
24771
11063
16115
11369
9276
3472
27351
9260
28129
13328
10829
5419
13317
8333
2400
26259
24358
32602
4521
4075
3012
12744
15042
6066
7795
25068
16126
25924
24112
931
10327
27134
2289
26324
10664
26018
5760
16117
6173
18941
7560
17361
6375
455
3824
20360
22324
7882
15209
7639
22110
13127
22339
4249
13410
23189
28805
7566
28821
13579
2876
18780
2706
23328
22547
21459
3447
3025
14628
31093
23377
6723
2318
28214
19668
24234
22600
30080
31056
11881
5301
15226
15072
8059
20344
21386
17125
6929
5385
25
21170
892
2952
10134
27785
29006
19282
6845
4295
19388
9683
4121
23387
16455
20123
30919
5500
23964
6835
4734
3996
21944
18993
23244
22423
11087
4106
18338
7985
20079
19496
26899
26303
27745
11196
22617
16420
30416
9174
6169
15871
9772
31283
18920
25379
31569
20565
23821
9800
1124
25817
6792
24064
26878
32518
12884
10476
397
14498
11754
9775
32247
6665
27654
4643
24448
15488
2477
6987
18925
26310
23663
905
28649
22508
25066
24977
7849
13415
18575
5790
11468
18788
30121
19556
20613
6747
11418
3909
8443
27879
15208
22727
18160
18133
20601
7750
8353
4730
23963
14310
23790
23882
11336
13260
20923
25767
1831
27022
4502
25847
7381
25063
1178
24313
32742
26288
2195
18265
26663
20235
23651
21634
6438
23522
23204
24243
4597
14480
18318
1621
27178
29661
13851
5260
42
1328
18538
18956
23720
12800
20321
4142
28520
26508
3479
16450
2377
23756
8561
29991
14210
4263
23179
6938
25644
30822
32345
12748
24577
29289
16398
29879
14691
20760
28604
23985
1184
4637
9405
13762
31092
5585
26451
10291
2511
27379
7563
3047
21977
672
16231
22255
8499
24703
5691
28760
11648
6973
2904
21575
7717
16697
18920
15945
18764
30080
14361
19940
6703
22779
2942
22898
26771
5095
31922
25391
27026
4998
24126
25744
7582
20500
6844
25558
24515
12029
24125
2020
31276
21837
28393
7757
25577
32360
30949
18354
3056
11003
20858
15947
21857
15410
30067
27331
10510
20268
18118
15177
16442
27820
19831
28900
3233
24849
32698
22278
25017
20616
21848
6501
17208
23424
10835
11270
31958
26462
13517
31130
26452
24434
4646
19470
32445
554
12133
9054
11756
3718
4313
28330
29518
26060
15616
23435
17129
30077
20135
12199
18845
32135
29267
24707
30122
1724
21216
23961
26739
7555
14696
16555
13698
9422
25702
22614
4811
21836
23067
16618
24117
15583
14897
32633
7254
21072
21151
21294
21630
28994
31692
12512
28152
21092
32759
7399
29324
21483
4566
22319
23112
9792
5757
3467
17537
12533
18050
2123
16916
17406
27231
1296
5361
26910
13847
13279
2267
27039
2077
2677
18793
23622
3953
25050
22865
20358
7436
4665
3813
25588
9342
239
14814
27387
12246
21730
22105
24017
19138
17684
28959
16553
10487
13688
8489
17963
3027
5636
14948
18209
11073
14343
7601
25203
9694
3517
18992
22869
15450
2080
5054
31679
23584
1794
8892
14621
15673
3929
8467
10569
5997
15322
14452
8630
12972
7113
17893
10990
22189
29711
26233
27198
24021
5773
16734
21423
28506
17328
13085
14393
9384
19013
15902
1076
7684
22927
25707
16911
19055
14743
20149
13636
26317
24004
25756
8587
30790
1451
14891
4687
17901
24616
30370
13918
5535
25774
6265
9188
12334
22235
15009
6298
28863
10320
16141
2619
25457
11455
625
6968
14144
21573
32074
18348
1832
24571
30238
24210
16013
17608
10501
6966
7386
12409
2152
29417
7273
25875
31497
27385
16547
24167
15171
2784
3944
30184
15252
16060
14769
30906
13400
15871
14195
25611
16087
19048
23239
15270
8578
23346
7753
11973
12666
2187
12989
32551
27986
19271
4089
24163
13590
25814
3327
13692
17292
883
17257
2741
19641
30367
16906
31143
26023
1998
21202
29072
6502
19296
22514
11758
20305
32210
1089
7501
26258
16694
29406
10845
10985
20192
25111
6983
1705
29027
5514
31553
5635
23228
9098
16993
32646
10956
12741
12206
13799
14860
25891
2429
1790
31868
2289
14331
7186
4316
12606
28166
20310
20511
23685
21569
31411
28957
22669
27239
9160
5256
28302
4831
10544
19745
6805
31889
21763
30763
21033
24313
30879
31264
7727
15481
30120
13220
3083
7924
22605
17079
14856
664
26317
25646
762
25339
19002
2404
3362
7786
13438
30253
16465
9086
10139
31499
26448
7407
16951
8101
128
4013
13655
20852
446
7981
18283
27328
5001
27649
2187
9675
1895
16556
7168
20556
3460
180
15110
21278
28061
3577
21712
25146
18204
6212
28621
26851
7301
2851
12330
1568
11792
3573
10136
11631
26520
19009
21071
16312
26035
27724
25938
12416
22051
4586
20981
2911
14189
7060
8861
28084
15303
5051
5320
18583
21303
8284
5197
32527
8442
13013
31716
13445
24611
27127
16104
24441
31620
23132
24668
29812
23761
12538
23341
15678
14083
25593
24502
12368
20475
26050
2697
23692
3432
3673
30829
15660
18666
12012
23459
2553
12152
940
30318
22461
12287
30683
7890
7418
15691
28710
12187
28380
26411
3894
2721
2669
3792
10370
4171
32264
14967
21863
12370
1808
19528
24698
30663
30689
8317
31517
16472
14855
22214
29008
25807
16559
19180
20426
7899
32602
181
12361
29203
14553
1801
8230
18488
14965
5714
21804
8890
22382
28201
9386
1406
14503
13870
28871
32479
21663
26167
22
28915
9123
31150
29546
15
25666
29236
19948
19085
1026
28042
17258
19916
81
21170
16626
7289
21438
23121
25504
18957
17257
30296
20916
12183
8376
23779
10727
28092
21324
14946
32000
20476
16180
20214
1442
30007
23392
31518
4712
24943
3160
32658
22068
23759
5934
29807
4803
17388
16560
15253
20869
11596
27875
29261
7852
2085
21165
9776
31363
6246
6098
20804
29954
29691
26914
24935
10143
25933
25328
20209
358
22281
24005
1685
6476
11555
29526
10888
31425
12058
20404
28389
8324
26493
8899
5457
4539
7342
17901
19419
21827
18150
27159
29477
12101
10105
25044
4041
23818
25948
23513
27382
17168
21220
8626
9818
16733
16592
11955
18245
8723
650
13104
32011
22085
1962
22513
9898
29961
11964
21984
23468
12494
13635
13829
31823
14064
26878
19892
3300
11658
32361
19205
24693
17292
12423
25989
22186
1805
3551
1835
12525
30178
5828
398
17101
31855
4314
9044
416
22205
13270
16878
14189
1997
4997
2947
23817
23340
27408
13609
24447
9416
11646
22875
21685
13058
32634
6824
25421
9988
32343
24232
25034
10069
30801
13620
28916
8362
31254
16342
5501
2304
21893
11647
5348
22759
1461
7800
6554
12065
5177
1179
25188
21099
25506
21443
256
1435
838
5761
27659
25067
28736
15121
26658
11157
26552
11404
3144
21664
11877
3166
25991
8697
29007
8187
32218
9925
9178
18126
19019
2550
32512
3186
17497
18972
1502
11045
12956
29566
13170
4730
25772
31850
13731
17998
26174
15305
22913
10748
28048
11766
3279
3029
2312
31697
6335
1226
20504
30735
31228
108
7012
1748
31213
279
2087
9091
27961
29801
19154
30933
15238
11257
5367
16168
5255
20038
4710
21786
30261
21486
16790
18007
26716
25889
11078
13487
4442
11092
15715
22380
2083
27450
19757
1250
1929
31472
1174
31303
26299
26744
16106
21957
31499
25704
6325
30414
18164
17635
14050
14512
6747
13513
2336
15209
2069
25387
2954
11964
21674
18178
19334
21380
16984
19232
13293
10057
24155
30310
25709
28177
13164
25656
6188
3704
1416
8494
24494
29699
31474
16396
12793
27570
22139
15093
6391
11988
9985
29915
32027
4127
4150
28474
21575
32512
4258
2054
14318
21808
26860
21474
9846
8840
2133
26770
29664
27414
8837
11187
11690
2928
21130
31145
30196
14152
28446
14554
6627
17985
29736
11546
26435
17153
9606
8037
1392
28808
20234
11732
21878
14784
17858
22474
7543
16213
3709
6766
845
30662
19850
12639
6769
5565
25539
20387
2331
10396
23755
25824
2219
11096
4755
17102
17736
30090
10787
14060
24775
17091
19863
27762
7374
17440
18279
10887
28729
28703
25324
17077
3004
1201
13856
17306
4554
28561
14502
17376
1462
4307
19466
22895
13849
3008
6473
4320
9843
6625
26516
31029
15381
5210
20561
6088
12862
10106
29795
22658
6532
25743
5803
20045
26229
9727
16334
22476
21375
31124
20281
31817
6669
1304
7523
5359
18163
6434
4946
5689
11788
26159
23393
3498
16673
2036
3904
10175
19981
23283
1852
21026
26655
20557
11969
20000
192
13271
541
18269
29526
6255
6534
17094
2152
24209
25951
31176
13314
2341
32695
30143
4955
21659
14099
32690
28085
17466
13933
14397
15493
6581
28284
27598
32468
27392
9270
30485
23525
19041
18580
20405
22808
13514
32149
1344
9998
14950
27781
20066
18958
5490
20863
30300
8615
9038
24625
16052
5015
29652
26079
2347
24044
25320
19626
24048
21609
28752
25619
8723
3371
18887
4795
4668
16525
15180
21868
21917
24648
31168
12125
15653
10719
31664
28594
759
14394
21616
28739
7706
22672
17769
12702
32370
9867
31155
30799
17647
13223
8167
20319
19460
15836
22062
5146
5211
14716
7326
28437
27079
12894
16839
24176
21626
18492
32136
13657
10872
19034
11816
13521
21835
13928
27553
8627
8184
7850
25919
31730
8499
15190
15722
15138
5583
11070
22464
13370
16248
10158
19816
3224
7076
12184
31650
24133
1735
28142
24738
29051
8134
24400
15006
12132
32687
31463
7462
12837
6567
25233
28852
5659
22308
24126
4228
28772
17500
9882
31397
3746
24829
17132
18001
25595
26910
32317
21626
18277
10869
14270
28325
26400
14795
4708
18427
5507
7342
18389
5277
21244
15206
8839
11065
14675
12074
25382
25819
11310
16531
5431
12037
29402
10832
5884
1025
8008
29724
22679
15734
26198
31213
5745
30010
19792
29550
4829
26727
20663
4016
4857
4273
26689
31004
8917
26614
3104
21933
25816
2583
8071
5980
28767
10503
25707
12507
934
1825
23687
645
3308
27583
15266
5014
20178
17928
20244
27543
9221
29193
32391
8221
9756
21512
18939
27315
15300
15892
26893
23317
21018
21473
28536
31135
17752
24787
6876
28164
15540
21593
11710
32323
32133
22652
31696
31191
31144
14008
2931
25902
7458
32522
28795
31069
7942
9546
17458
19474
22938
2235
24223
13258
28085
6625
13576
15428
13675
4754
437
16181
18924
29776
6391
30013
8362
16598
3945
4890
954
8433
5494
18204
27005
28049
11291
10968
28543
20256
5870
32033
31903
26386
12128
14388
20081
14270
32063
22579
30176
15980
14463
26069
1816
29615
6201
6491
163
9717
4852
10694
11729
25180
29732
7239
2142
24519
27376
10231
23887
8242
30264
456
14621
15426
20951
9403
24341
3360
18725
27220
20479
10376
4800
1868
9214
25373
6541
16517
15287
19712
22265
27715
3253
23712
8837
5016
3340
15316
6785
18464
573
27431
2583
495
14170
12146
28812
6600
24171
32177
3523
13199
8463
22799
6147
11521
9319
22339
32505
25763
1071
16159
24577
27896
2350
30054
4001
32759
7889
11231
23638
18108
19475
1703
28308
18814
13215
11211
27144
7105
24377
28950
13344
6349
23130
7208
973
17502
24602
26824
7816
9117
8275
18812
26259
8783
24580
5718
7809
22605
30963
7696
1528
17204
31895
19804
13238
18525
32308
24693
20690
4880
18504
21242
6468
8948
294
508
17832
7882
737
13398
16959
16219
27243
32060
22327
26287
8702
11543
9772
14208
27323
17552
8430
16622
10642
7659
23941
4725
31585
16535
27506
19483
21600
4867
3640
32494
11964
24243
283
29101
3202
23186
10280
7622
20671
12170
21109
30848
13286
11090
29098
23674
22385
5511
27328
10068
15563
23295
25609
24492
9070
858
13425
30540
4680
9433
22531
32161
4196
19060
3503
22128
20678
38
586
18628
21911
31116
11478
31275
20098
1710
16388
10785
13917
19229
21751
16845
29708
27454
13131
3051
674
9189
23126
10506
25802
37
12205
5111
26470
8551
30442
19065
30581
19898
30381
28222
3898
14442
28385
29206
32411
14548
17473
10079
4807
25464
1306
16320
24859
14672
11090
5915
14663
24929
16297
22972
684
8335
16959
23255
2313
949
31831
12081
31831
28661
8026
24605
10225
3405
21791
19114
9464
16235
9577
32539
3062
8387
21681
13463
27073
13278
8230
9506
31651
16117
31475
26060
30391
1470
12480
3880
24214
21894
4475
18944
12083
6016
2648
5191
24068
23901
20502
21071
30307
7196
32389
61
21811
2340
20805
6073
18374
19856
22992
32234
4606
970
22202
3489
8115
13147
4152
4564
25941
16129
24032
17487
13267
30978
14767
9382
955
20929
1104
15214
31650
21647
24219
7596
13766
26307
15453
17550
2290
32013
5207
3417
22690
15111
20873
30115
12392
12557
27056
26562
11918
11343
15629
11140
509
19748
9064
20257
32605
22434
19029
7277
4478
29291
18614
28242
2295
18377
2945
31358
3853
15614
32707
25433
16342
13269
7653
9786
12190
2685
14894
14810
24457
19863
16010
28937
25978
20622
12682
30111
19252
8231
11947
28598
26815
857
13275
11542
15886
32350
26681
23793
4062
3082
16413
13265
19425
348
8792
3022
30748
20307
29373
21764
12685
5890
9696
27204
32274
17383
16925
7690
30086
8313
29148
5039
1581
6400
2836
14560
22610
8361
12302
29519
5422
27866
28012
22184
5388
31427
31081
30407
14507
4918
30818
10792
29156
16568
27286
20639
16268
27608
10026
29257
8348
4543
2160
19138
17039
18697
11624
5272
28428
2259
29831
10496
31941
26133
5048
18376
18335
15155
29089
7053
29715
28110
9255
20014
468
18144
14388
16768
29106
4360
9911
16452
702
28962
6893
15190
19119
11547
28128
26407
11652
21763
31533
19820
30827
612
13065
10008
9186
8659
3462
4744
284
31428
17171
31230
22182
27043
28226
15953
12362
32
31439
31203
26164
32714
1501
28626
8019
25311
4994
31603
21250
26466
15750
5116
3560
20591
16232
14464
32284
20940
930
22561
2701
22976
5678
2689
31138
11560
8265
11385
27421
2503
20855
13582
10565
17118
22983
22176
5444
3068
22872
16485
13006
26136
26908
5142
5891
25309
8412
25576
16023
12869
15997
19646
3888
11881
21121
157
2063
22936
5585
21856
26099
678
19641
11181
15930
902
23348
16935
21834
19995
28266
18661
13359
15180
24439
18724
16773
20567
13166
13624
24985
28263
23709
13513
25035
8296
8467
315
13111
31514
19040
26222
14484
17252
668
15272
11099
20204
683
26831
23596
21220
30142
19420
21103
5415
13853
4748
3895
13188
18213
23640
30571
30041
12428
14504
10535
23396
7917
21828
16480
25047
28032
28939
20167
10410
32040
26343
2800
30261
31924
25856
31412
18430
1630
9264
7380
26064
13976
13240
21982
11021
8201
11569
9301
31300
16594
25797
24588
3846
23829
27038
2259
8694
25272
27295
26709
4896
14950
21330
2881
3724
10711
13602
21928
24338
11090
20683
13991
25455
24176
21518
16197
22937
30242
8105
8350
29776
18421
10630
21826
28406
24725
20275
31192
5024
16784
11410
6407
26477
11357
19154
28310
28951
7837
15261
26065
19911
25504
29843
22319
2094
24363
32504
18739
26065
30073
20393
14480
7844
13439
23381
11152
13019
8821
15081
5302
21245
21905
29772
18595
3642
14614
15181
2870
15102
9101
16090
30711
19910
8786
22130
18870
4659
7763
9180
17775
31324
15893
32026
19569
30825
10488
12953
22975
5726
4027
1450
28343
16436
7746
25398
13041
29742
14999
13996
19306
19818
13616
26943
11490
7351
20080
24911
28034
934
13679
5668
22978
17892
25598
3042
20618
17606
31718
19385
10903
22822
2417
11357
12577
32622
20268
32438
26555
2546
32490
29400
11642
19843
1036
18741
31065
31808
17152
9233
13788
8880
29192
3383
32756
31502
28477
1003
19747
2788
14291
10015
15584
16092
25758
20458
6461
30930
20437
12341
19143
17453
18455
18872
17326
9328
29867
20773
9766
12812
20236
20898
10764
31097
21925
9341
1485
20612
23513
4379
24196
5611
6982
10546
866
3879
27211
13624
30803
22665
15303
17692
5086
7048
19492
14643
13389
32602
8085
22389
20495
1985
13723
16617
25946
22056
5582
23390
3349
238
6618
860
13556
29954
6344
6746
17637
5552
22399
17713
13227
3770
25226
28369
20168
3243
13595
25395
14753
20328
20816
5775
26589
19208
11702
27854
5902
19173
7180
5442
2963
19187
3401
20117
5309
31569
22240
9983
7216
8734
23874
3260
17548
20366
18340
17086
23373
6205
8451
3487
8688
18883
2662
11481
12888
19848
25188
29753
623
11738
1509
6545
19216
28988
3629
2734
22053
16385
12310
24457
30732
2074
8348
15553
14400
4909
8863
14921
27957
17127
8677
8798
20355
26514
32607
7357
18503
25834
29357
6674
32454
6444
9443
5043
26964
14961
26766
29582
25973
7738
13042
14433
6977
8012
14998
10793
12301
5566
24323
13020
3143
5456
15816
12122
14498
26110
6337
19617
5747
27349
29081
17729
30555
27398
32398
4881
22567
28985
23668
26911
17140
13603
8701
2541
7319
17243
14391
19930
24892
22377
7254
28126
5196
7200
28340
26234
26517
17967
29462
1775
23973
15602
26161
175
27510
17806
19565
2833
23889
25660
7656
28488
748
26597
29630
4246
26326
21488
6792
17597
5396
7256
11810
4279
13581
26625
8882
7590
31395
19788
24293
31246
12963
15593
19324
31554
28255
3820
31752
21276
4761
26147
21745
11761
19875
23975
21181
27844
14533
13490
22159
20410
10463
27824
7150
9422
29263
3481
15304
20166
9237
1149
24759
14438
32309
20577
4226
2019
10077
29001
12007
9883
26056
19862
7576
28930
24418
402
7555
8928
9517
19786
21846
21434
3555
5276
8515
6029
9181
9616
4097
6083
10803
14572
12563
14431
32037
24834
6220
7547
20922
23245
14995
9460
6310
30012
2020
10340
2161
718
26263
6992
4822
2399
29669
22947
18794
9282
11688
14939
30078
19599
26978
14979
26437
31678
15489
21601
16442
23669
14817
22256
15548
32159
10387
20881
16635
15294
6109
26621
11544
21634
29825
8830
15496
22682
834
3679
29882
28618
25765
17056
26361
9022
1525
7407
18835
8734
9097
19156
11323
13410
16458
29484
19372
20456
13935
5080
18575
963
17803
26550
17823
11735
16842
26832
12555
11939
18551
17108
15643
3933
7618
18885
19479
20036
6081
18671
21349
17714
15028
15904
31217
24176
27277
21781
30162
3023
21936
14131
27946
13300
31991
888
24141
2548
31993
688
21286
801
31884
27628
25559
24355
25736
19760
19616
30282
17614
27756
6914
16930
2697
13485
13860
21576
27572
917
18037
12157
11229
27401
16531
14073
7720
15145
5996
10241
2198
26757
22947
20924
19591
8845
15925
32579
30846
11850
25692
18423
10021
22860
19123
14871
20369
6372
16795
5010
27334
10643
23774
32025
4734
17089
10387
31609
32038
12978
9538
